0.510673	0.564011	0.465033	-0.156902	0.182868	-0.285374	-0.340903	-0.0728191	-0.454367	0.165284	0.335196	-0.090368	0.340959	-0.424138	-0.114127	0.0893564	-0.253462	0.104222	-0.484546	-0.175605	0.632003	0.402687	0.121224	0.0307474	0.0647464	-0.178475	0.201813	0.234843	-0.072704	-0.0204344	-0.310238	0.309767	-0.269051	-0.315958	-0.0937232	0.405454	-0.20101	0.0519705	-0.197532	0.406598	-0.205685	-0.279942	-0.16678	-0.0576226	0.533235
0.559305	0.321959	0.533627	-0.0364389	0.194419	0.0520032	-0.152185	-0.150052	0.0531373	0.0491643	0.271277	0.0484966	0.138153	-0.284248	-0.08963	0.276003	0.187068	-0.0218797	-0.121726	-0.190008	0.670101	0.201381	0.262043	-0.173417	0.149716	-0.434895	-0.116024	0.223594	0.263356	0.350405	-0.0234866	0.208041	-0.340778	0.0886528	0.480115	0.536099	0.145054	0.17746	-0.107625	0.113296	-0.302217	-0.0559894	0.183686	0.607117	0.598774
0.418619	0.432594	0.552596	0.0765121	-0.181141	-0.327678	-0.363153	-0.3863	-0.461867	-0.132835	0.235618	0.0387242	0.433647	-0.080439	-0.387858	0.0038296	-0.230909	0.0397659	-0.0780678	-0.127536	0.657317	0.1236	0.0682416	-0.394142	0.330108	0.13241	-0.294299	-0.127524	-0.0658831	0.0584579	0.099483	0.333403	-0.361339	0.112528	0.0426516	-0.104803	-0.0258246	0.245258	0.0382847	-0.0433863	-0.0674701	-0.221666	-0.196655	0.243098	0.467993
0.363035	0.0158713	0.174405	-0.199739	-0.0123296	0.264622	0.1539	0.179128	-0.462988	-0.33586	-0.095245	-0.40554	0.374042	0.278935	-0.50543	-0.146406	-0.554022	0.141505	0.169106	-0.416183	0.825445	0.653828	0.289729	-0.30258	-0.268889	0.334052	-0.165276	-0.103519	0.267158	0.18129	-0.0807932	-0.202722	0.0177876	-0.0336112	0.0688797	0.401219	0.102402	0.0597554	0.12532	0.188967	-0.190223	0.286917	0.312817	0.0280894	0.656069
0.43994	0.538771	0.51393	0.183499	0.0915421	0.226537	-0.510887	-0.312947	-0.673242	-0.455935	0.360248	0.0829064	0.409275	0.414967	-0.605834	0.330968	0.0823444	0.355052	0.458489	-0.673982	0.83829	0.427071	0.32119	0.231221	0.278135	-0.291092	0.286992	0.406124	0.110156	0.125288	0.304136	0.372498	-0.478593	0.361823	0.5754	0.504955	0.117154	0.181483	0.370316	0.270549	-0.421533	0.318301	0.438158	0.447796	0.833213
0.248328	0.54023	0.527884	0.0485603	0.140463	-0.0618422	-0.220932	-0.141001	-0.279813	-0.0345075	0.25265	-0.335576	-0.0281991	-0.176696	0.0850278	0.183315	-0.433686	-0.0761998	-0.103085	0.0204645	0.705561	0.131924	0.0709833	-0.0958394	0.296025	-0.105927	0.139438	0.30614	0.102638	0.0844009	-0.04989	0.508736	-0.319418	-0.0862735	0.0897836	0.392771	-0.0920281	-0.272542	-0.266485	0.210863	-0.0685585	0.0428652	0.191504	0.0631601	0.517501
0.694121	0.310555	0.59439	-0.0818598	-0.0147741	-0.0783776	-0.387475	-0.379536	-0.470826	-0.193658	-0.0833229	-0.355748	0.0659745	0.00396554	-0.132629	-0.112711	-0.361555	-0.0267737	0.0316626	-0.1606	0.780921	0.254236	0.101619	-0.37144	0.0394903	0.140014	-0.0125251	-0.0937638	0.0475877	0.101984	-0.189275	0.0784041	-0.248921	-0.237937	-0.06487	0.344014	-0.0415831	0.0713056	0.213693	0.182866	-0.336248	-0.0258169	0.115053	-0.315376	0.165814
0.505452	0.550906	0.572911	-0.110805	0.0305626	-0.408939	-0.516453	-0.451231	-0.588826	0.150657	0.254338	0.108354	0.407194	-0.208113	-0.358928	0.087801	-0.113755	0.119746	-0.351538	-0.208656	0.416576	0.2035	0.252503	-0.0856648	0.284644	-0.0646361	-0.343729	-0.0368992	0.070688	0.0447984	-0.240846	0.329216	-0.215264	-0.400131	-0.0472951	0.544686	0.091938	-0.093848	-0.128221	0.0535479	-0.195406	-0.269512	-0.0681604	0.154924	0.583286
0.35149	0.315163	0.417045	-0.0713904	-0.0984677	-0.312751	-0.120968	-0.0690157	-0.329893	-0.282115	0.292983	0.218506	0.267211	-0.436229	0.105081	-0.0472052	0.0268226	0.141018	-0.26508	0.174705	0.549643	0.325459	0.272375	-0.223702	0.255926	-0.0130225	-0.0428072	-0.325136	0.147688	0.0964837	0.114103	0.281621	-0.264666	-0.281459	-0.104973	0.269901	0.19125	-0.0863704	-0.156524	-0.056632	0.0618139	-0.0790681	-0.192978	0.199099	0.529368
0.286538	0.558287	0.376909	-0.200342	0.0985886	-0.352314	-0.428125	0.0590626	-0.395518	0.485234	-0.000677406	-0.278168	0.086812	-0.243406	-0.00947756	0.0467191	-0.41007	-0.0196007	-0.47124	-0.262467	0.382801	0.154689	0.187769	-0.171903	0.0786441	-0.151285	0.0124032	0.0441082	0.0650081	0.251053	-0.209002	0.133941	-0.166673	-0.267509	-0.145071	0.453173	-0.017356	0.288488	-0.106689	0.0889152	-0.00184581	-0.274237	-0.206717	0.22393	0.459575
0.260832	0.168312	0.570163	0.0290273	0.142475	-0.167094	-0.167337	-0.219225	-0.416135	-0.13129	0.0207872	-0.0777205	0.322023	-0.369353	-0.263482	0.0288166	-0.0851486	-0.0429101	-0.198475	-0.18296	0.555286	0.299198	-0.261982	-0.577708	0.0503286	0.350949	-0.183035	0.0283036	-0.0721355	-0.146309	-0.406398	-0.0342365	0.0899798	-0.174499	-0.0330424	0.361206	-0.06727	-0.0721882	-0.219465	0.0983679	0.0602862	-0.226932	-0.109235	0.141669	0.715747
0.233387	0.183996	0.686957	0.0695257	-0.238875	-0.482731	-0.410773	-0.458439	-0.534701	-0.128299	0.361589	-0.108322	0.0630251	-0.225487	0.0290649	0.316653	-0.0716811	0.00598545	-0.156651	-0.130864	0.656514	0.191821	-0.0216653	-0.363662	0.0663504	0.238972	0.105651	-0.00396724	0.0679886	0.20203	0.0784813	-0.305298	0.0129897	-0.0426032	0.0644425	0.507214	0.00648188	0.176765	0.0233142	0.301353	-0.210925	-0.0339722	0.000803959	-0.152893	-0.109946
0.340656	0.0429457	0.505758	0.0133889	-0.176724	-0.0973956	-0.501132	-0.479324	-0.325069	-0.10881	0.431299	-0.0354337	-0.0316524	-0.0412528	-0.284926	0.144439	-0.138564	0.0223571	0.134733	-0.316322	0.467961	0.26167	-0.0923267	-0.359505	-0.253739	0.185721	0.00399829	-0.220177	-0.323559	0.0267736	0.0539585	0.079683	0.0233192	-0.47054	-0.0139435	0.109483	-0.384798	0.0309442	0.0754138	0.0710144	-0.00857627	-0.0824081	-0.180459	-0.291121	0.325069
0.570362	0.388928	0.677999	-0.241995	-0.139664	-0.346155	-0.173828	-0.278356	-0.1289	-0.0551796	0.0438688	-0.33131	-0.0115248	-0.250041	0.237884	-0.136448	-0.467645	-0.194256	-0.0563511	0.0612065	0.392309	0.0462642	-0.0524561	-0.257588	0.232313	0.0244023	0.0897473	-0.189423	-0.0143095	0.251259	0.108534	0.240406	-0.322745	-0.245118	-0.102296	0.0514955	0.133496	0.0332323	0.274192	-0.533801	0.100448	0.132745	-0.0382296	-0.0843285	-0.0116576
0.445994	0.164895	0.188346	0.0266707	0.103248	-0.113084	-0.254453	-0.0767288	-0.242171	0.0544497	-0.00257382	-0.148127	0.343067	-0.175779	0.0893303	0.000268363	-0.217794	-0.0794709	-0.361452	-0.0460066	0.475672	0.239994	0.286629	-0.326716	0.105513	-0.0970007	-0.331195	-0.156565	0.0451677	0.0688462	-0.303084	0.145528	-0.0972308	-0.4159	-0.154951	0.287605	0.0336074	0.143595	-0.150177	0.01549	-0.0288755	-0.285128	-0.34534	0.253799	0.409701
0.470191	0.110137	0.189041	-0.038864	0.0166342	-0.262531	-0.00496706	0.0890575	-0.440206	-0.0187846	-0.0854709	-0.29803	0.293102	-0.245345	0.0258628	0.117119	-0.367414	0.0976971	-0.281833	-0.108846	0.52727	0.457754	0.117505	-0.114772	-0.00593721	-0.105748	-0.0701294	0.154229	0.116451	0.180948	0.0193837	0.304959	-0.380646	-0.0747059	0.146708	0.230867	-0.202965	0.034677	0.0471518	0.326663	-0.111316	0.0113876	-0.117603	-0.138797	0.204799
0.502682	0.546528	0.67367	-0.389158	-0.131406	-0.352359	-0.30038	-0.269932	-0.36596	0.060144	0.0712628	-0.254129	-0.105628	-0.182637	0.382878	-0.0159549	-0.385393	-0.158365	-0.281516	0.171123	0.591041	-0.222863	-0.0511166	-0.303213	0.337735	0.243089	-0.000658452	0.0488969	-0.136119	-0.0359934	-0.140381	0.0609986	-0.266818	-0.2615	-0.0353191	0.184154	-0.245624	-0.00334243	-0.16644	0.293595	-0.120912	-0.227758	-0.404512	0.0683247	0.367223
0.748847	0.591519	0.747711	-0.271111	-0.310246	-0.544347	-0.568937	-0.514522	-0.579267	0.302201	-0.135226	-0.115351	0.125679	-0.113838	0.108844	-0.128927	-0.244024	0.0482787	-0.3219	-0.0134432	0.464064	0.0953027	0.0111232	-0.086821	0.351562	-0.0377135	0.0115755	-0.136703	0.0601051	0.0186831	-0.0618067	-0.0418968	-0.328757	-0.342363	0.10635	0.0418145	-0.107543	-0.218094	-0.18594	-0.0830865	0.0681078	-0.142638	0.170965	-0.10409	0.409028
0.352341	0.367147	0.475029	0.166381	0.117937	0.168285	-0.335063	-0.3011	-0.370008	-0.0993008	0.196525	-0.0427217	0.177338	0.328887	-0.144503	0.0882022	-0.205648	-0.0347535	0.140581	-0.219957	0.685178	0.421424	0.313986	-0.0354691	-0.00489233	-0.0851155	-0.0136893	-0.0742668	0.0734462	0.271583	-0.0708066	0.0651074	-0.163425	-0.105007	0.132261	0.301615	0.0150565	0.160282	0.159012	0.22497	-0.118285	0.0545998	0.122122	-0.20611	0.493377
0.706008	0.564572	0.588505	-0.294144	-0.245177	-0.297651	-0.403201	-0.191038	-0.685586	0.11687	0.135418	-0.245501	0.158853	-0.102599	-0.311496	0.14051	-0.235253	0.0994807	-0.14989	-0.249677	0.702934	0.273217	0.268906	-0.221149	-0.233782	0.263174	-0.219625	-0.198848	0.100594	-0.0224289	0.00221987	0.106337	-0.17718	-0.123025	0.107504	0.262784	-0.186241	-0.20429	-0.00454681	0.282028	-0.170435	-0.0406944	0.043152	-0.150253	0.415768
0.404416	0.35947	0.260329	-0.323793	0.137652	-0.233558	-0.352991	-0.205162	-0.452186	0.0127538	0.0586971	-0.385695	0.0713946	-0.49366	0.275966	-0.144566	-0.370749	-0.147483	-0.313229	0.101604	0.484558	0.201714	0.112696	0.0240162	0.104663	-0.283986	0.0305988	0.0106478	0.108909	0.155787	-0.122215	-0.0613853	-0.342336	-0.245359	-0.0797755	0.581044	0.0347474	0.0701175	-0.0572169	-0.00981836	-0.230944	-0.19074	0.0014339	0.0711715	0.428596
0.624267	0.467509	0.479506	-0.0772743	-0.0365049	-0.474107	-0.573176	-0.345539	-0.611701	0.233011	0.347264	0.0442759	0.549557	-0.310452	-0.624044	0.474744	0.151265	0.492383	-0.21906	-0.778386	0.858534	0.389787	0.293925	-0.141616	0.379847	-0.22992	0.126013	0.344287	0.258849	0.218698	-0.115764	0.212961	-0.288564	-0.0234191	0.22997	0.601326	0.34672	0.376453	0.266781	-0.0182662	-0.4837	0.162515	0.447248	0.219651	0.378682
0.619627	0.541492	0.580315	-0.0627742	-0.0517653	-0.318532	-0.272855	-0.393278	-0.340621	-0.100913	0.0716451	-0.149374	-0.078328	-0.0854144	0.178289	0.197457	-0.0873587	-0.00330415	-0.14189	-0.00556745	0.571972	0.166568	0.139831	-0.077733	0.116911	-0.199615	0.170192	0.416354	0.0145524	0.136218	-0.100853	0.227521	-0.432068	-0.137226	0.206964	0.533889	0.154274	0.198511	0.0897429	0.0979111	-0.214276	-0.0970115	0.251216	0.274772	0.634664
0.521938	0.508791	0.536267	-0.113572	0.0549113	-0.1667	-0.567242	-0.435414	-0.511206	0.13712	0.122537	-0.0352054	-0.0890043	-0.342932	0.344469	0.156098	-0.16308	-0.125868	-0.478827	0.0664353	0.582002	0.542179	0.385213	0.165848	0.153515	-0.251934	0.143929	0.0399242	0.0521935	0.215704	0.0835795	0.0847475	-0.356688	-0.285757	-0.0565866	0.252167	0.0957572	0.175398	-0.0436937	0.00765202	-0.198788	-0.17011	-0.0190754	0.137316	0.541847
0.297659	-0.079802	0.370616	-0.182371	0.140081	0.554544	-0.113664	-0.347935	-0.75647	-0.632648	-0.137548	0.123078	0.262041	0.0775184	-0.316487	-0.179615	0.0428259	0.328817	0.227467	-0.455881	0.801006	0.515839	-0.00853085	-0.404047	-0.255069	0.169861	-0.291927	-0.228027	-0.18288	0.224016	0.43181	0.499227	-0.575157	0.097189	0.304233	-0.135907	-0.15791	0.178359	0.463243	0.541131	-0.557733	0.098752	0.153129	-0.322246	0.755066
0.210896	0.0320969	0.344124	-0.0781944	0.266677	0.216029	-0.240034	-0.17042	-0.288727	-0.106183	0.0567772	-0.0866483	0.024866	-0.17685	0.29251	0.214138	-0.0745941	0.0703739	-0.139257	-0.170706	0.421073	0.134474	0.0535816	0.0129803	0.00647696	-0.172892	-0.040224	0.24638	-0.0878537	0.182112	0.179253	0.130127	-0.539709	-0.259408	0.289366	0.430849	0.0773255	0.242213	-0.0738783	-0.270695	-0.126359	-0.016896	0.0393928	-0.0814526	0.0681739
0.43991	0.330998	0.468147	-0.46608	-0.0720515	-0.205581	0.0520504	-0.275453	-0.387708	-0.288729	0.263351	-0.157875	-0.128707	-0.477342	0.589723	0.24611	-0.153874	-0.10613	-0.484363	0.277269	0.623582	0.0626273	0.0910887	-0.257855	-0.122576	0.0202778	0.107524	-0.0156811	-0.0404174	0.102113	-0.0307477	-0.0777322	-0.387164	-0.372962	-0.0993204	0.491052	-0.076921	-0.0424676	-0.0378421	-0.0856861	-0.227399	-0.154771	-0.010265	0.159654	0.387667
0.46556	0.10074	0.210206	-0.0527001	0.0692348	0.27301	0.106868	0.0726246	-0.561495	-0.196025	0.00308411	-0.097414	0.156411	0.151023	-0.0468897	0.0124627	-0.06922	0.157215	0.254732	-0.0981566	0.75937	0.295358	0.0908328	-0.436462	-0.0669286	0.402328	-0.0485874	0.0825975	-0.00620128	0.0816707	-0.100512	0.151785	-0.14059	0.200524	0.355487	0.230586	-0.169618	0.0200221	0.376541	0.319179	-0.401672	0.134174	0.181268	-0.255525	0.392646
0.279082	0.38555	0.663926	-0.254467	-0.0651971	-0.422987	-0.127379	-0.0588202	-0.337383	0.305318	0.224189	-0.13678	0.112127	-0.296924	0.0672771	0.12717	-0.407978	-0.32929	-0.26617	0.28427	0.576428	0.499844	-0.084989	-0.0415691	-0.177631	-0.00795293	0.103592	0.37598	0.297508	0.151308	0.141247	-0.241574	-0.105172	-0.24247	-0.0292766	0.563206	-0.0253234	0.106066	-0.112383	0.293669	0.0450552	-0.27931	-0.118337	0.264935	0.28877
0.210237	0.400615	0.624771	-0.173321	-0.0239856	-0.379278	-0.321326	-0.417265	-0.307546	-0.0937357	0.249363	-0.0768152	0.16774	-0.41251	0.218928	0.111162	-0.255931	-0.11445	-0.352834	0.223721	0.590992	0.242872	0.0801534	-0.122566	0.0642726	-0.225557	0.246624	0.321475	-0.298181	-0.0388342	-0.361683	0.348357	-0.162123	-0.565249	-0.214505	0.0601685	-0.244839	0.029224	-0.133718	-0.0101783	0.0825465	-0.318941	-0.346987	-0.237231	0.332649
0.739705	0.350717	0.278868	0.222038	0.0479204	0.12483	-0.0898679	0.0409576	-0.685627	-0.211518	-0.015538	-0.135856	0.428923	-0.0243427	-0.686151	-0.14214	-0.328694	0.464683	0.0832926	-0.759005	0.704458	0.452086	0.351217	-0.335851	0.237787	0.375176	-0.27104	-0.357554	-0.150933	-0.189698	0.112054	0.236773	-0.538143	0.229742	0.472895	-0.0111566	-0.208916	-0.234603	0.149782	0.161845	-0.386444	0.0268627	0.346597	-0.0500104	0.681863
0.524893	0.277554	0.278992	0.00588992	-0.0459041	0.0509647	-0.234457	-0.12729	-0.517028	-0.13888	-0.0237203	-0.291623	0.308117	0.321754	-0.191658	-0.185084	-0.468001	0.222066	0.106625	-0.101717	0.672534	0.335912	0.171511	-0.226819	-0.341505	0.107538	-0.234174	-0.117029	0.177394	0.224582	0.0443824	0.0488341	-0.447641	-0.0826464	0.0337982	0.314687	-0.0820408	-0.0653545	0.177593	-0.0034311	-0.267692	0.118062	0.224981	-0.156268	0.467362
0.278239	0.38804	0.252708	-0.304276	0.0798079	-0.348175	-0.31009	-0.199068	-0.218913	0.101928	0.397096	-0.00969854	0.231815	-0.490459	0.0415186	0.275654	-0.155148	0.0928975	-0.61397	-0.000946294	0.580587	0.366802	0.234399	-0.0379888	0.0029155	-0.242104	0.062809	-0.00727984	0.107427	0.145884	-0.0213915	-0.118606	-0.480707	-0.105017	0.00645211	0.398353	-0.164949	-0.0111435	-0.0633312	0.0496513	-0.235158	-0.368164	-0.153088	-0.0956341	0.281873
0.451498	0.517656	0.647509	-0.327101	-0.190551	-0.503632	-0.220257	-0.109351	-0.503076	0.319499	0.363933	0.0425953	-0.110323	-0.229885	0.364249	0.217518	-0.0840532	-0.12919	-0.273863	0.27037	0.619097	0.400377	0.0183418	0.011456	-0.110393	-0.158237	0.249744	0.14553	-0.10268	-0.0636492	-0.0118643	0.0937134	-0.374371	-0.306657	-0.137804	0.352002	-0.263995	-0.0956361	-0.0880552	0.260883	-0.112899	-0.16583	-0.0691269	-0.0751875	0.360353
0.44553	0.567458	0.694895	-0.020913	0.244771	-0.11376	-0.46197	-0.447933	-0.390484	-0.0576475	0.0309735	-0.0265234	-0.0588532	-0.0131309	0.0590499	0.0297273	-0.118061	-0.260394	0.11795	0.00227571	0.672529	0.348944	0.184859	0.0913622	0.240047	-0.304619	0.128722	0.335372	0.260088	0.234384	0.0568519	0.223249	-0.373287	0.0512965	0.176413	0.588685	0.221713	0.434163	0.249252	0.180592	-0.349812	0.187458	0.252284	0.490464	0.674757
0.574244	0.439071	0.556126	-0.0929679	-0.0400969	-0.201503	-0.41991	-0.415584	-0.436946	-0.0119558	-0.0364112	-0.0450642	0.10884	-0.288693	0.225535	-0.0902932	-0.31718	-0.0678983	-0.38537	0.323913	0.575315	0.151796	0.084355	-0.136677	0.230845	-0.0681694	-0.0697933	0.025163	0.0427482	0.213111	-0.221014	0.235193	-0.30253	-0.180216	-0.288127	0.235	0.00566519	0.272563	-0.125064	0.127924	-0.170214	-0.0343343	-0.241528	-0.00240184	0.630641
0.449252	0.626126	0.743371	-0.150678	0.0785858	-0.256557	-0.118747	-0.39233	-0.250453	-0.214234	0.0710336	-0.232959	-0.169885	-0.225066	0.238971	0.0772482	0.00931725	-0.0481628	-0.0383489	-0.15634	0.624337	0.313993	0.114108	0.0294406	0.268007	-0.0642595	0.390442	0.478475	0.198486	0.33875	0.151251	0.36376	-0.195405	0.0222304	0.363065	0.68677	0.434069	0.39896	0.342538	0.0898117	-0.212348	0.0577203	0.334927	0.602261	0.782395
0.337401	0.310208	0.113279	-0.203619	-0.0695645	-0.301403	-0.173935	-0.206497	-0.274562	0.00536295	0.10028	-0.209563	0.564465	-0.0958969	-0.00787243	-0.00299439	-0.111488	0.161842	-0.129637	-0.0430029	0.530284	0.145247	0.0876245	-0.527807	0.171204	0.0478732	-0.41731	-0.431914	-0.00222377	0.0535025	-0.0636739	-0.226179	-0.308371	-0.198252	-0.186017	0.269538	-0.162434	0.0850027	-0.19512	-0.0338834	-0.257083	-0.258532	-0.202252	0.107021	0.243851
0.642097	0.283536	0.483944	-0.100289	-0.111506	-0.486422	0.0428354	-0.165217	0.172842	-0.0465814	0.291416	0.231009	0.573455	-0.372974	0.369409	0.175313	0.189038	0.154098	-0.470501	-0.123752	0.382436	0.0480537	0.145539	-0.357303	0.0521832	-0.283135	-0.428461	0.0849135	-0.0677101	0.0546562	-0.345356	-0.0968914	-0.50379	-0.498065	0.0791152	0.638992	-0.206934	-0.182942	-0.566483	0.300014	-0.398135	-0.542731	-0.0527245	0.282741	0.526551
0.418298	0.237636	0.382963	-0.148014	-0.0105616	-0.124446	-0.312784	-0.297554	-0.378531	-0.0167216	0.344989	0.244145	0.564455	-0.0117021	-0.203881	0.247249	-0.0492195	0.23349	0.0110937	-0.237698	0.567142	0.0760119	0.110662	-0.397553	-0.106349	-0.00930033	-0.353898	-0.147759	-0.0400158	-0.0130121	-0.349347	0.0113637	-0.317564	-0.353118	0.090202	0.526996	-0.0725802	-0.0891982	-0.0949099	0.159913	-0.234032	-0.128002	0.0654787	0.0306168	0.357221
0.418274	-0.0517195	0.224696	-0.15398	-0.0470808	-0.491984	-0.0933413	-0.164706	-0.427564	0.248224	0.325874	-0.152976	0.187851	-0.401122	0.107801	0.25585	-0.100366	0.114722	-0.372023	0.00856448	0.593097	0.169988	0.0969371	-0.139256	-0.092597	-0.0392473	-0.0171316	0.0627876	-0.30948	0.0750694	0.045415	0.0278948	-0.226729	-0.413802	-0.287073	0.0298089	-0.117112	0.116019	-0.0452177	0.123745	-0.0048553	-0.277563	-0.0781048	-0.168427	0.544619
0.692782	0.518329	0.641135	-0.0812578	-0.122285	-0.360725	-0.525514	-0.584692	-0.459338	0.131641	0.406762	0.319849	0.414442	-0.426176	-0.324717	0.269977	0.019275	0.236153	-0.410176	-0.137113	0.765367	0.0108916	-0.130108	-0.283293	-0.0958022	0.369891	-0.108559	0.00465553	0.0555649	0.0287939	-0.199375	0.494563	-0.069411	-0.33882	-0.205965	0.078173	-0.0667544	-0.0681581	-0.140281	0.27181	-0.0640245	-0.00639149	0.0227293	-0.303462	0.481296
0.669038	0.657288	0.794001	-0.320637	-0.424542	-0.59127	-0.619202	-0.414652	-0.575996	0.453464	-0.0121892	0.0202042	0.18456	-0.296137	0.13155	-0.310043	-0.210056	-0.0372975	-0.327894	0.104653	0.648326	0.0631269	-0.161118	-0.222038	0.10575	-0.0864266	-0.23514	-0.155074	0.0178021	-0.0330206	-0.00333561	-0.0991451	-0.362166	-0.433056	-0.125681	0.502057	-0.138742	-0.121964	-0.0709698	0.0332592	-0.0973041	-0.181228	0.0529478	0.21394	0.517636
0.274734	0.523817	0.305792	-0.318476	-0.084155	-0.544517	-0.197299	-0.232655	-0.121073	0.121012	0.491373	0.105545	0.522822	-0.371843	0.121761	0.107904	-0.132553	0.00278901	-0.371675	0.0652326	0.307841	-0.00583142	0.0908056	-0.204509	0.310576	-0.0714565	-0.258761	-0.191044	-0.191681	0.339549	-0.0661899	0.00334997	-0.302501	-0.395964	-0.291408	0.365204	-0.194922	0.138297	-0.190107	0.101827	-0.0806952	-0.280187	-0.326563	0.164134	0.527787
0.500601	0.639602	0.534446	-0.000285775	-0.00285819	-0.203159	-0.592427	-0.50551	-0.585195	0.202886	0.114858	-0.17635	0.130349	-0.0206152	0.238773	0.0697062	-0.0602181	0.0280887	-0.218268	0.165787	0.473762	0.310454	0.153924	-0.0160313	0.42836	-0.0695581	0.0787847	0.101246	0.27197	0.0928173	0.103855	0.0333454	-0.395378	-0.0488737	-0.0757108	0.379913	-0.113029	-0.206443	0.0294994	0.0435441	-0.0673092	0.0225017	-0.151688	-0.132912	0.411128
0.461225	0.34595	0.356008	-0.124249	-0.0534447	-0.37566	-0.129176	-0.0110608	-0.159872	0.280713	0.319846	0.193704	0.448708	-0.167838	0.202528	0.194977	0.124537	0.412761	-0.480804	-0.242561	0.46627	0.361682	0.271344	-0.0863048	0.230433	-0.0740282	0.131597	-0.0049221	0.0226393	0.0414541	-0.122265	-0.269296	-0.399263	-0.289782	-0.0822293	0.200224	-0.123756	-0.280619	-0.254497	-0.0603317	-0.141297	-0.317179	-0.209536	-0.0585874	0.219637
0.17559	0.355593	0.4286	-0.322821	-0.266891	-0.559326	-0.233361	0.15975	-0.13712	-0.160349	0.517607	0.150161	0.504927	-0.595254	-0.0380251	0.243812	0.00170216	0.207407	-0.389773	-0.0213005	0.390776	0.266019	0.068594	0.0180637	-0.23058	0.150388	0.194405	0.171157	-0.00719151	-0.284177	-0.320051	0.236858	-0.314665	-0.169582	-0.291278	0.118296	0.0215596	-0.173068	-0.329231	0.21882	-0.173098	-0.223058	-0.320638	-0.32828	0.447634
0.562523	0.65974	0.716579	0.172448	0.149689	-0.00153738	-0.424232	-0.309864	-0.548305	-0.0362789	-0.0679886	-0.178087	-0.0736491	-0.274218	-0.06419	-0.332122	-0.387646	-0.46597	-0.391981	0.267345	0.499502	0.0271345	-0.204894	-0.138519	-0.337402	-0.0759197	0.00297558	0.289184	-0.240765	-0.154677	-0.170768	0.00685553	-0.0497349	-0.2674	-0.10137	0.354357	0.0938277	0.0641147	0.147798	0.349935	-0.11998	-0.25373	-0.37807	-0.220014	0.455972
0.335026	0.522985	0.6868	0.00135649	0.168829	-0.143024	-0.460149	-0.580412	-0.573797	-0.225783	0.31966	0.0572912	0.308496	-0.297825	-0.0415515	-0.0398698	-0.064193	0.0903746	-0.270971	0.109701	0.574417	0.103983	0.329478	0.294242	0.0399927	-0.308992	0.181931	0.368276	-0.0316865	0.31651	0.124318	0.0881439	-0.262904	-0.226085	-0.0629416	0.348476	0.0550067	0.0384929	0.064245	-0.171543	0.066615	-0.0852902	-0.152471	-0.0525477	0.523757
0.582485	0.702423	0.581413	0.302631	0.00983627	0.196544	-0.443947	-0.161514	-0.482037	-0.545445	0.264758	-0.123167	0.34949	0.413127	-0.65247	0.532018	0.0751177	0.5204	0.415642	-0.458581	0.663502	0.216195	0.346094	-0.110848	-0.155148	0.418554	-0.444248	-0.142641	-0.0922262	0.0642495	-0.165683	0.290369	-0.0247946	-0.125465	0.0153481	0.27139	-0.19342	-0.138676	-0.194144	0.221959	0.0115283	-0.00738007	0.124373	2.63725e-05	0.712501
0.16847	0.426198	0.420034	0.328395	-0.14778	-0.14601	-0.66307	0.0570608	-0.510898	-0.334692	0.503352	-0.279406	0.402713	0.268686	-0.705357	0.206335	-0.398036	0.194651	0.0384995	-0.449	0.761595	0.125639	-0.180389	-0.449149	0.198538	0.0789574	-0.153429	-0.0699132	-0.206411	0.00500107	-0.387487	0.0578701	0.188424	-0.401391	-0.176851	0.438935	0.122304	-0.158312	-0.208156	0.546067	-0.267857	0.147537	0.107188	0.251092	0.488546
0.406256	0.687432	0.314994	-0.173754	0.151668	-0.405736	-0.446783	-0.153422	-0.39969	0.11429	0.202553	-0.155201	0.275282	-0.374627	0.00187029	0.0363926	-0.303491	0.053117	-0.456453	-0.122519	0.691168	-0.00257436	0.0647463	-0.229268	0.212647	-0.0405777	0.0733254	0.166419	-0.0652456	-0.0698975	-0.125594	-0.0704853	-0.20682	-0.205593	0.101731	0.323522	-0.231875	0.0195174	-0.231386	0.172947	0.077487	-0.39721	-0.259557	0.0561569	0.502902
0.382334	0.358863	0.666461	-0.342022	-0.0422181	-0.285934	-0.236422	-0.245105	-0.166927	0.105079	0.279589	-0.084344	0.0928762	-0.329491	0.184317	0.262698	-0.179151	0.0451854	-0.521501	-0.0318543	0.569408	0.388289	0.00711181	-0.0717629	-0.211004	-0.129165	0.24102	0.337863	-0.134075	-0.103078	-0.130278	0.11363	-0.375483	-0.412591	-0.16811	-0.0793759	0.00617373	0.10873	-0.109345	0.136769	-0.307656	-0.31582	-0.194564	0.010625	0.371953
0.267146	0.438339	0.430279	-0.428474	-0.203832	-0.617598	-0.285892	-0.206383	-0.487266	0.272257	0.138547	-0.394936	-0.0115031	-0.0837804	0.268907	0.278457	-0.341458	0.176036	-0.320606	-0.102995	0.669868	0.106055	0.159044	-0.0492617	0.0477755	-0.186916	-0.253844	-0.234228	-0.165898	0.177444	-0.0174644	0.14846	-0.359327	-0.687052	-0.438538	0.377886	-0.444332	-0.00302822	-0.370059	0.365109	0.320778	-0.315024	-0.553914	-0.170807	0.244742
0.439527	0.45825	0.74639	0.185401	-0.0199345	-0.242678	-0.386945	-0.300496	-0.282937	-0.114582	-0.0168858	-0.133115	0.0645667	-0.401078	0.252166	0.0438411	-0.0303358	0.0898293	-0.408007	0.196064	0.709819	0.187987	0.104239	-0.0320067	-0.21577	0.0999707	0.147457	0.103411	0.372242	0.310327	0.197952	0.332068	-0.486113	-0.392013	-0.242121	0.0370704	0.190964	0.167758	0.0857674	0.0877201	0.075502	-0.0389572	0.1366	0.0106956	0.450984
0.586443	0.323701	0.640448	0.197637	0.280079	-0.177845	-0.448901	-0.658055	-0.683872	-0.0930483	0.375895	0.575511	0.610818	-0.0116954	-0.600193	0.30216	0.282859	0.460738	-0.188119	-0.453535	0.578082	0.167831	-0.212054	-0.243311	-0.146849	0.0533035	-0.163069	0.263054	0.0827734	0.0631143	-0.0776296	0.170308	-0.265319	-0.062771	-0.0726518	0.364263	0.0829718	0.281642	0.20908	0.0804513	-0.338563	0.200252	0.0543934	0.00885659	0.697239
0.344241	0.317292	0.180413	0.172058	0.282639	-0.434754	-0.367866	-0.190284	-0.293177	0.0420789	0.394909	0.0918224	0.0794832	-0.0589597	0.139603	0.576201	0.338628	0.237464	-0.110893	-0.266602	0.616512	0.571053	0.463235	0.092796	0.297421	-0.391033	0.223842	0.442813	0.328718	0.557829	0.0812324	0.262384	-0.468778	-0.133095	0.27162	0.574849	0.130925	0.4932	-0.230587	0.3384	-0.129465	-0.120898	0.0546864	0.257002	0.638752
0.368247	0.248353	0.102904	-0.0158453	0.198812	-0.193259	-0.182676	-0.0901708	-0.324077	-0.00702311	0.279922	-0.0722534	0.170375	-0.0242222	-0.0198252	0.302957	-0.148209	0.154915	-0.260189	-0.0298374	0.727777	0.31446	0.560705	-0.100808	-0.0440435	-0.0379621	0.0384468	0.126759	-0.00310146	0.400157	-0.111204	0.0451198	-0.224781	-0.0117333	-0.105598	0.480697	-0.107729	0.224481	-0.0151374	-0.0458145	-0.0792314	-0.0462631	-0.17218	0.26716	0.715029
0.684653	0.679008	0.639211	-0.231466	-0.0565778	-0.503975	-0.649361	-0.418568	-0.558338	0.24427	0.207131	0.124508	0.291666	-0.437859	-0.137064	0.0898243	-0.0508537	0.226188	-0.545319	-0.0272832	0.65588	0.122437	0.00463863	-0.0497667	0.122635	0.00244608	0.111004	0.0451637	0.229337	0.0596843	0.144326	-0.0965613	-0.17321	-0.0330416	-0.0834464	0.218911	0.0190717	-0.0797623	0.0155184	-0.0869895	0.136247	0.134273	0.144359	0.0168283	0.514952
0.163561	0.314161	0.360139	-0.322881	0.067273	-0.0982878	-0.243241	0.187131	-0.23701	0.176779	0.444049	-0.0456434	-0.0646194	-0.429644	0.206946	0.369785	-0.199598	-0.0535317	-0.616877	-0.0666826	0.649782	0.289538	0.0648229	-0.100396	-0.104827	-0.0164637	0.338679	0.290192	-0.281765	0.222249	-0.0010367	0.248376	-0.0179453	-0.481889	-0.313853	-0.0300025	-0.185658	0.314238	-0.00731333	0.2099	0.148524	-0.290176	-0.336188	-0.287572	0.549348
0.439913	0.197788	0.527545	0.133469	0.0291314	-0.368422	-0.086539	-0.205689	-0.132677	0.156908	0.236802	0.220803	0.213849	0.0188972	0.226037	0.171273	0.087049	0.0878383	-0.294383	0.0103379	0.607512	0.359617	0.338145	-0.150852	0.140427	-0.0842702	0.266774	0.321864	0.183222	0.368444	-0.140297	0.132769	-0.227176	-0.239719	-0.019609	0.514583	0.154156	0.206243	-0.260401	0.246391	0.0852075	-0.170683	-0.0745721	0.309971	0.530433
0.429555	0.41984	0.398883	-0.0923374	0.100375	-0.436937	-0.541161	-0.333793	-0.369055	0.0399182	0.567395	0.177933	0.339859	-0.309793	-0.120975	0.383156	0.12702	0.28839	-0.352426	-0.179829	0.450515	0.162422	0.189635	-0.0907519	0.277292	-0.294993	-0.174767	0.0904617	0.0185285	0.243025	-0.084445	0.242381	-0.347012	-0.340783	0.0517829	0.5337	-0.0932378	0.0769714	-0.155066	0.116139	-0.149975	-0.331954	-0.00168696	0.432467	0.674692
0.409731	0.281304	0.459259	-0.211439	0.104403	-0.141098	-0.127978	-0.0178573	-0.0435162	0.0349712	0.0593321	-0.153895	0.124494	-0.315526	0.404983	-0.116502	-0.485079	-0.172121	-0.297673	-0.0477332	0.301997	0.16857	0.195182	-0.143226	0.00520412	0.132815	0.192527	-0.429103	-0.0826132	-0.112735	-0.290118	-0.127392	-0.282524	-0.175152	-0.240616	0.441607	-0.00573949	0.0645975	-0.0649037	-0.243044	-0.381526	-0.244763	-0.175361	0.17577	0.372393
0.0967392	0.430099	0.326003	-0.147955	-0.0236115	-0.358488	-0.35401	-0.1874	-0.317823	0.00176527	0.221159	-0.192755	0.104113	0.0698831	-0.107214	0.2974	-0.227756	0.0812728	-0.00883479	-0.176118	0.685477	0.122106	0.232094	-0.164636	0.282284	-0.176269	-0.0220662	0.0549481	0.0830248	0.179306	-0.144135	0.327044	-0.343138	0.0127882	0.0909729	0.586846	0.0431435	0.173905	-0.190906	0.330704	-0.27686	0.231394	0.249073	0.488404	0.7446
0.743724	0.575204	0.70033	-0.0945278	-0.151348	-0.319376	-0.0301417	-0.212465	-0.224748	0.0408534	0.160154	0.0379675	0.0831573	-0.247569	-0.00337422	0.212347	0.0610716	0.129346	-0.326987	0.226444	0.610109	0.371183	0.361134	0.108438	-0.143712	-0.102438	0.119693	0.0677891	0.257373	0.41084	0.298477	0.0268624	-0.00899464	-0.32074	-0.211487	0.207222	0.143142	0.489503	0.212334	0.0578893	-0.242823	-0.170721	-0.113565	0.294763	0.468531
0.73113	0.437033	0.421566	-0.35455	-0.193049	-0.333835	-0.35258	-0.144981	-0.364973	0.11815	0.275062	0.240784	0.19144	-0.354951	0.354344	0.282468	0.148139	0.0362973	-0.556097	0.0153191	0.629256	0.410641	0.266983	0.0726166	-0.0966499	-0.0895039	0.316914	0.256427	-0.156639	-0.237581	-0.162435	0.204825	-0.351069	-0.318235	-0.276063	0.0743732	-0.284049	-0.304261	-0.305038	0.193448	-0.134128	-0.299328	-0.234195	-0.214792	0.573499
0.294611	0.366676	0.479071	0.0791243	0.0211618	-0.180637	-0.245451	-0.0122373	-0.192997	0.0952855	0.373531	-0.0535118	0.175338	-0.18368	0.291557	0.241195	-0.15231	0.060976	-0.424229	-0.199075	0.567836	0.0554188	0.322229	-0.0981873	0.378832	-0.0946164	-0.0851545	-0.0943712	-0.0764858	-0.0778177	-0.0390498	-0.151268	-0.583499	-0.322329	0.0623509	0.176918	-0.0217804	0.130329	-0.169052	0.0685249	-0.348723	-0.162457	0.0877145	0.259792	0.357283
0.565117	0.378528	0.106068	-0.151748	0.0269508	-0.0515891	-0.0323701	0.197085	-0.462565	-0.117221	0.269732	0.153532	0.133108	-0.434105	0.193811	0.388587	0.264271	0.22697	-0.448896	-0.148432	0.587669	0.317563	0.501807	-0.279921	-0.0903118	0.432171	0.143351	0.149152	0.179181	0.125659	0.0947604	-0.0507575	-0.255917	-0.0949634	0.311542	0.259895	-0.0305974	0.100475	-0.0422116	0.351242	-0.0874777	-0.187299	0.0692016	0.0168464	0.313274
0.473428	0.398584	0.395365	-0.259288	-0.364983	-0.355465	-0.0771574	0.20752	-0.222608	-0.28357	0.176499	0.123614	0.159922	-0.365174	0.391262	0.261666	0.303524	0.258271	-0.655996	0.17983	0.508715	0.221391	0.450662	-0.215745	-0.0675682	0.248919	0.0271056	0.15005	-0.0269466	-0.0747051	0.113741	0.0630318	-0.596221	-0.458988	-0.188052	0.0185107	-0.0674054	-0.0998105	-0.160291	0.0336209	-0.13993	-0.306501	-0.294816	0.0762367	0.439517
0.575701	0.521643	0.418765	-0.136045	0.213599	-0.060838	-0.225252	-0.294275	-0.227934	-0.135768	0.371399	0.163079	0.449055	-0.188772	0.179985	0.222228	0.117462	0.167932	-0.162284	-0.043161	0.571344	0.30938	0.43082	0.103626	0.357912	-0.217118	0.273928	0.488694	0.133992	0.308502	0.0339695	0.239026	-0.546844	-0.136739	0.271328	0.511975	0.0947894	0.440565	0.0155089	0.0782893	-0.355732	-0.162829	0.154944	0.143786	0.526726
0.381843	0.642758	0.610536	-0.140392	-0.0100327	-0.409651	-0.4842	-0.205872	-0.338115	-0.25022	0.178929	-0.330048	0.1462	-0.622626	0.235903	0.145021	-0.308934	0.0509433	-0.445052	-0.0617178	0.573605	0.215629	-0.253729	0.0349462	-0.401595	0.00288437	0.386672	0.22486	0.0567584	-0.128183	-0.194764	0.277055	-0.400813	-0.282496	-0.0122086	0.112237	-0.0952562	-0.0494855	-0.199585	0.0403787	-0.0453421	-0.184078	-0.0102614	-0.156839	0.485131
0.510166	0.108241	0.481914	-0.253674	-0.292429	-0.376797	0.141481	-0.141596	-0.405562	0.0437791	-0.142757	-0.270585	0.0739723	0.118786	-0.0557911	-0.184238	-0.263608	-0.0352231	-0.0959868	-0.206905	0.51786	0.367311	0.0898925	-0.383038	-0.035259	0.219673	-0.077802	-0.000379447	-0.0360455	-0.0334701	-0.0885287	0.0946116	-0.144169	-0.0481584	0.092667	0.170276	-0.0624702	-0.119912	0.0139712	0.178671	-0.223372	0.069475	0.151858	-0.0173867	0.476654
0.50349	0.415014	0.433749	-0.234278	0.0713443	-0.366623	-0.243661	-0.417426	-0.286562	0.0369676	0.395374	0.209808	0.315071	-0.311381	0.0865013	0.433795	0.419213	0.384668	-0.416601	-0.197964	0.673214	0.470421	0.512044	0.189228	0.0619709	-0.200684	0.375106	0.373638	0.307952	0.429807	0.236053	0.078083	-0.327262	0.0785138	0.260983	0.477405	0.00333455	0.29923	0.0413346	0.159605	-0.0765504	0.0349559	0.195588	0.167357	0.379505
0.314063	0.464765	0.754387	-0.0183134	-0.263236	-0.38813	-0.225938	-0.310829	-0.451377	-0.0410648	0.0545319	-0.199188	-0.183962	-0.163578	0.6408	0.184746	-0.0566066	-0.0427521	-0.293207	0.318922	0.597789	0.497384	0.101033	0.0478116	0.132722	-0.0361193	0.102393	0.238805	-0.133835	-0.0277107	-0.0491004	0.273693	-0.452494	-0.681997	-0.32089	-0.0114218	0.046993	0.0951269	0.159482	0.0144633	-0.362659	-0.596714	-0.26077	-0.0560745	0.713471
0.72536	0.68407	0.855951	-0.426895	-0.43536	-0.573882	-0.466224	-0.43785	-0.522373	0.21329	-0.0816569	-0.146916	-0.0599918	-0.181818	0.173263	-0.262614	-0.426796	-0.393965	-0.118105	0.347304	0.577312	0.233401	0.0219072	-0.084988	0.0619301	0.0438926	0.0608526	0.231064	-0.237044	-0.166385	-0.238623	0.327614	-0.0947753	-0.054909	0.121463	0.302128	-0.153045	-0.100127	-0.0880857	0.265791	-0.00404689	-0.118455	-0.021451	0.0727003	0.548351
0.647091	0.335087	0.342866	-0.0125233	-0.00736257	0.103177	-0.261705	-0.134249	-0.502023	-0.334452	0.113718	-0.0286688	0.639772	0.283584	-0.507306	-0.144901	-0.326198	0.432707	0.254462	-0.361024	0.813869	0.289677	0.26715	-0.375606	-0.0796376	0.12648	-0.333432	-0.340062	0.23733	0.095841	0.221645	0.355043	-0.569438	0.415053	0.343999	0.158139	0.189403	0.086007	0.309454	0.323794	-0.477801	0.458656	0.378642	-0.0907201	0.755978
0.21648	0.318738	0.391578	-0.205123	0.0813825	-0.304843	-0.260395	-0.0790571	-0.332143	0.206693	-0.0226165	0.0123008	-0.0491218	-0.21645	0.225834	-0.00470582	-0.244834	0.0335641	-0.499875	-0.154698	0.401107	0.211297	0.185672	-0.173184	0.207754	-0.207468	-0.186905	-0.0989888	-0.0424525	0.124987	0.136456	-0.170705	-0.400857	-0.304343	-0.128541	0.267508	0.131768	-0.0766681	-0.0876171	-0.298731	-0.258624	-0.130643	-0.0426086	0.0667548	0.404083
0.581483	0.39011	0.55004	-0.220635	-0.0776717	-0.23593	-0.457762	-0.44998	-0.648917	0.257396	0.179805	0.190366	0.405973	-0.44721	-0.379537	0.109841	-0.015749	0.109326	-0.430037	-0.214971	0.69198	0.326797	0.319357	0.00165133	0.0837006	-0.141189	0.122135	0.0884968	0.0619254	-0.0218345	-0.314619	0.0726599	-0.0320817	-0.289461	-0.248991	0.334431	0.0395763	0.0369265	-0.195812	0.0608547	-0.0554523	-0.212178	-0.107024	0.102365	0.541023
0.0946404	0.454934	0.300244	-0.433616	-0.0935116	-0.471197	-0.0437227	-0.029697	-0.175319	-0.108758	0.429779	-0.13236	0.475651	-0.326889	0.0189546	0.278722	-0.120992	0.343094	-0.442344	0.0211043	0.611453	0.255046	0.183444	-0.235853	-0.0920872	0.192341	-0.018213	0.0232277	-0.000903008	0.0382425	-0.112197	-0.042774	-0.281266	-0.162886	0.105855	0.436457	0.0181598	-0.0475264	0.0336547	0.0375134	-0.225155	0.0269949	0.0774005	0.00339401	0.177449
0.722191	0.584596	0.685311	-0.397339	-0.330968	-0.706253	-0.40216	-0.405822	-0.440459	0.112493	0.405035	0.262234	0.339187	-0.247643	-0.28318	0.306807	0.101872	0.383754	-0.43927	-0.292405	0.514559	0.40834	0.257269	0.0292358	0.140955	-0.394076	0.372605	0.270238	0.0728801	0.142552	-0.0943975	0.370579	-0.481722	0.0110058	0.0564289	0.484166	-0.0191983	0.0517213	-0.131546	0.365277	-0.208838	0.0164897	-0.096117	0.240543	0.528123
0.715861	0.215689	0.423989	0.234504	0.351058	0.345291	-0.432682	-0.531384	-0.65337	-0.300565	0.120677	0.0946789	0.603566	0.24806	-0.489229	0.341609	0.358642	0.572427	0.311103	-0.593306	0.70324	0.686541	0.61497	0.0740528	0.20176	-0.3843	0.0859749	0.345822	0.40027	0.522878	0.284171	0.360639	-0.50871	0.187009	0.553609	0.647454	0.36056	0.531757	0.343907	0.390922	-0.521554	0.191119	0.530603	0.53875	0.858981
0.397834	0.296215	0.333375	0.294098	0.202685	0.232527	-0.43898	-0.193428	-0.662247	-0.395547	0.377443	-0.0235675	0.435039	0.0328956	-0.32491	0.328416	-0.164843	0.324149	0.10539	-0.270437	0.697467	0.488651	0.332783	-0.184994	0.00287971	0.0881053	0.0827404	0.113576	0.150285	0.236078	0.158707	0.532479	-0.285995	-0.0850466	0.234584	0.302146	0.0794651	0.138724	0.211612	0.400074	-0.2427	0.0115767	0.303221	0.0862818	0.736765
0.535568	0.505213	0.54697	-0.12999	-0.134308	-0.346603	-0.247942	-0.0687681	-0.156592	0.0559651	0.57173	0.313613	0.390275	-0.333642	-0.0511049	0.400213	0.0733976	0.224479	-0.472407	-0.0998146	0.696205	-0.408958	-0.415736	-0.586286	-0.0482864	0.0376161	-0.510428	-0.263768	-0.3704	-0.379948	-0.390091	0.173895	-0.249893	-0.591677	-0.351972	0.46385	-0.433907	-0.298391	-0.492195	0.230954	-0.0701127	-0.48032	-0.330783	0.380102	0.65337
0.611417	0.610198	0.579137	-0.474133	-0.286155	-0.476677	-0.216462	-0.260566	-0.215133	0.023196	0.443614	0.20583	0.464622	-0.506545	0.156289	0.206133	-0.169342	0.0869025	-0.538302	0.154209	0.612616	0.331812	0.20739	-0.0383325	0.0407996	-0.292657	-0.0875163	0.000513814	-0.0193651	0.0270128	-0.18496	0.189218	-0.575048	-0.358867	-0.0859903	0.596277	-0.169419	-0.015066	-0.242849	0.22668	-0.411459	-0.193928	-0.046675	0.378767	0.663281
0.119624	0.250474	0.385693	0.137362	0.0463604	-0.330289	-0.465122	-0.0736221	-0.343972	0.131825	0.365727	0.0335349	0.452287	-0.0482884	-0.0447267	0.0706526	0.0288886	0.368743	-0.488949	-0.143637	0.407753	0.0583069	0.049899	-0.407657	0.356581	-0.0247837	-0.150135	-0.386812	-0.0370566	0.0803406	0.0701776	-0.371994	-0.464058	-0.167745	0.177356	0.176731	0.131585	-0.217707	-0.078372	0.00629306	-0.49774	-0.135172	-0.0423897	0.131417	0.482403
0.335971	0.47471	0.664234	-0.241408	-0.313707	-0.473711	-0.360428	-0.0245768	-0.231055	0.09078	0.139981	-0.100295	0.220387	-0.349726	-0.0525474	-0.0232504	-0.279968	-0.141989	-0.298605	-0.117324	0.535005	0.205657	0.0398707	-0.093416	-0.0115144	-0.0094438	-0.0603016	0.144644	-0.301159	-0.21816	-0.388134	0.132557	0.0662871	-0.301085	-0.0100696	0.351998	-0.126936	-0.10407	-0.201534	0.0813317	0.134621	-0.344177	-0.120509	0.233216	0.611448
-0.155693	0.57561	0.107377	0.0138565	0.22718	-0.0245249	-0.216724	0.0309905	-0.281738	-0.0718035	0.527672	-0.477272	0.369614	-0.174976	-0.0381616	0.281266	-0.497935	0.144451	-0.363849	-0.165764	0.725816	0.395734	-0.12683	0.159124	-0.12866	0.076977	0.243289	0.141177	0.213878	-0.101119	0.288084	-0.252759	-0.269012	0.081464	0.163139	0.376084	0.213684	0.0768575	0.197048	0.187177	-0.148949	-0.0318692	-0.0912952	0.156087	0.307515
0.61422	0.640719	0.682432	-0.281931	-0.148273	-0.502857	-0.143975	-0.294733	-0.279472	0.0724304	0.0765703	-0.0888861	0.157007	-0.276585	0.308054	-0.00961669	-0.38381	-0.111498	-0.343367	0.389381	0.580552	0.162076	-0.0458783	-0.245031	0.299932	0.0241002	-0.149388	-0.0509167	-0.0414332	0.0503856	-0.114206	0.315704	-0.268983	-0.290464	-0.192887	0.497476	-0.123717	-0.0388392	-0.10513	0.294438	-0.0496834	-0.172174	-0.178021	0.0789522	0.500409
0.476272	0.727881	0.648171	0.0926867	0.00214783	0.0135615	-0.52242	-0.283374	-0.636696	0.00155358	0.0759524	-0.112993	0.185317	0.0895631	-0.302067	-0.310873	-0.365136	-0.392984	-0.122716	0.137976	0.370257	0.145509	0.019461	0.0300667	0.345881	-0.139496	-0.0584404	0.121445	0.0450084	0.0785032	0.0907702	0.183114	-0.4613	0.0868024	0.0117665	0.481437	0.114012	0.0923102	0.164956	0.398807	-0.344816	0.147004	0.0794198	0.419099	0.651527
0.476558	0.628635	0.653836	-0.352215	-0.0793863	-0.448792	-0.54266	-0.368822	-0.438841	0.110727	-0.290907	-0.18362	-0.0727463	-0.189304	0.504139	0.104613	-0.0925736	0.208444	-0.462639	-0.232087	0.311518	-0.177431	-0.0775803	-0.258345	0.0364458	0.232576	0.2634	-0.113227	-0.145141	-0.0544885	-0.16801	0.0328021	-0.2792	-0.166476	-0.00869932	0.273607	-0.276716	-0.296301	-0.369154	0.112209	0.194649	-0.0144453	-0.25291	0.0312318	0.421279
0.722565	0.66455	0.689285	0.125758	0.164359	-0.231245	-0.263137	-0.311074	-0.210265	-0.121133	0.292904	0.179973	0.316414	-0.151321	0.142686	0.25175	0.159189	0.177799	-0.112611	-0.11667	0.647124	0.359806	0.352606	0.12349	0.19862	-0.0659932	0.21845	0.196203	0.289302	0.374673	0.295385	0.0673188	-0.424112	0.149919	0.400013	0.582191	0.396099	0.313089	0.261397	0.276111	-0.429743	0.138214	0.325471	0.357067	0.616991
0.483634	0.639358	0.134722	-0.0726049	0.0508332	-0.101462	-0.710186	-0.382378	-0.622773	-0.126686	0.551484	0.0984678	0.688063	-0.132674	-0.464	0.401543	-0.139058	0.459313	-0.0642939	-0.440108	0.66653	0.210957	0.426321	-0.260201	0.202329	-0.0763424	-0.00840586	-0.125031	0.201909	0.227844	-0.133508	0.153397	-0.317185	-0.0433478	0.168545	0.442149	0.484211	0.460195	0.262959	-0.0258173	-0.522979	0.28655	0.36695	0.203089	0.502776
0.513544	0.31656	0.368436	-0.0671452	0.188964	-0.0104799	-0.360234	-0.349339	-0.319084	0.0630223	-0.149667	-0.259159	0.345623	0.118692	0.185639	-0.00136318	-0.302522	0.284084	-0.0862879	0.1125	0.747023	0.569986	0.312014	0.113754	0.201367	-0.122046	0.0407592	0.249939	0.439279	0.30854	-0.0295324	0.133017	-0.277636	-0.189673	0.0359583	0.631881	0.370512	0.247886	0.24432	0.0820672	-0.0935051	0.160479	0.263202	0.483995	0.570786
0.548866	0.415032	0.490997	-0.220314	0.12156	-0.158175	-0.284331	-0.426439	-0.288889	-0.246076	0.1883	-0.201756	-0.17173	-0.506137	0.510663	0.266933	-0.138276	-0.163169	-0.304589	0.205045	0.614103	0.487173	0.402271	-0.00205966	0.139801	-0.349932	0.138948	0.390786	0.111669	0.198081	-0.0715681	0.42655	-0.388403	-0.203393	0.220708	0.605615	0.225765	0.323818	0.00409377	-0.0124992	-0.170054	-0.00597806	0.203146	0.437633	0.528602
0.360187	0.274245	0.473341	-0.154132	0.00593259	-0.406368	-0.318168	-0.436186	-0.242223	-0.12615	0.45304	0.160241	0.295292	-0.334623	0.0576771	0.0787195	-0.122945	-0.0555487	-0.306908	0.103693	0.476295	0.454204	0.0292891	-0.153027	0.177432	-0.161164	0.394202	0.389421	-0.0402786	0.0537737	-0.0921919	0.112865	-0.390684	-0.0647812	0.226329	0.322656	-0.00721589	0.0739049	-0.209489	0.223535	-0.356783	-0.174694	0.0157189	0.105418	0.537249
0.425789	0.640274	0.46864	0.00228963	-0.179877	-0.262521	-0.726665	-0.323291	-0.727014	0.0250407	0.440982	0.328849	0.722566	-0.385223	-0.543472	0.290809	-0.0225904	0.448026	-0.251456	-0.411915	0.694648	-0.308528	-0.132013	-0.713252	0.20499	0.514843	-0.577194	-0.459199	-0.198476	-0.229999	-0.511352	0.0620997	0.253094	-0.472165	-0.291717	0.620475	-0.145278	-0.155572	-0.352868	0.23094	0.200673	-0.363753	-0.269208	0.265303	0.397618
0.453399	0.140573	0.382224	0.441278	0.359329	0.252382	-0.433377	-0.434818	-0.370192	-0.366771	0.574414	0.163074	0.107775	0.292086	-0.397859	0.47745	-0.0532932	-0.0676505	0.193323	-0.254299	0.719333	0.283943	0.238065	-0.337801	-0.0824825	-0.0454724	0.170154	0.0310976	0.131961	0.199063	-0.0242655	0.0895421	-0.327306	-0.0499063	0.0581036	0.413263	0.212146	0.310358	0.181479	0.144767	-0.385411	0.0991656	0.118862	0.177361	0.509831
0.309234	0.620317	0.386479	-0.109757	0.130557	-0.0917729	-0.274952	0.0648821	-0.0762925	0.203552	-0.0129018	-0.279054	-0.0118334	-0.260884	0.29989	0.0299494	-0.30362	-0.0847094	-0.363048	-0.0100582	0.597713	0.182023	0.0534463	-0.131418	0.0701686	-0.242852	-0.122223	0.0463749	-0.171673	0.00952843	-0.348095	-0.0186758	-0.328021	-0.239475	-0.174393	0.330554	-0.148193	0.0799939	-0.0783608	-0.108726	0.0316462	0.048514	-0.243162	-0.327852	0.29591
0.533467	0.0291599	0.329343	0.147162	0.147685	-0.369785	-0.401416	-0.33463	-0.228571	-0.126546	-0.175844	-0.0698306	0.240589	-0.485151	0.256217	-0.150854	-0.265921	0.110571	-0.424279	0.104905	0.557324	0.337201	0.320848	-0.0888722	0.120284	-0.146466	0.0410221	0.16877	-0.0860595	0.0295497	-0.254564	0.0464803	-0.0751332	-0.0706899	0.0399574	0.373906	-0.0107068	0.17557	-0.232826	0.120161	-0.01186	-0.088185	-0.0359672	0.20969	0.481275
-0.175109	0.00737335	0.0828524	0.0755144	-0.0391987	-0.16842	-0.313911	-0.0944487	-0.376363	-0.337937	0.341866	-0.0958537	0.0614415	-0.188638	0.185376	0.355869	0.0497789	0.0268959	-0.487	0.150332	0.641436	0.321873	0.275501	-0.220692	0.0873297	-0.204738	-0.0758886	-0.00411666	0.253974	0.300358	-0.0940095	0.0958375	-0.529928	-0.110971	0.136262	0.521719	0.0179072	0.454574	0.104104	-0.00121523	-0.386315	-0.0347732	0.11696	0.307586	0.590098
0.527513	0.373965	0.357109	0.340391	0.0629458	0.194815	-0.110763	-0.0548473	-0.280786	-0.195792	0.298282	0.0173905	0.441539	0.228309	-0.214906	0.189136	-0.0538784	0.153328	0.039581	-0.280791	0.684547	0.143847	0.325811	-0.400064	-0.138996	0.304014	-0.194414	-0.0551826	0.23772	0.355483	-0.0641701	0.0340309	-0.0830007	0.0162626	0.120609	0.403685	-0.016604	0.103346	-0.285489	-0.0943064	0.106942	-0.176068	-0.10336	0.254726	0.646192
0.530925	0.213998	0.597	0.0869562	0.260788	-0.138117	0.0133738	-0.221385	-0.295926	-0.144323	0.0784601	-0.254548	-0.19236	-0.362029	0.613579	-0.036766	-0.42526	-0.341107	-0.233276	0.463341	0.589779	0.288101	-0.0100276	-0.113482	-0.180813	0.146356	0.370666	0.271818	0.0391552	-0.138986	-0.282663	0.0458803	-0.136964	0.0894254	0.319498	0.295737	-0.0415931	-0.276567	-0.353805	-0.15269	0.00317899	0.164012	0.251571	0.278658	0.649155
0.551133	0.495358	0.485926	-0.242116	-0.0178717	-0.142938	-0.0870478	0.0446009	-0.194896	-0.12276	0.15805	0.0189829	-0.0576417	-0.392096	0.584138	0.221476	0.0883925	-0.117238	-0.382438	0.503676	0.616085	0.344784	0.392944	-0.0758491	0.0748143	-0.0929165	0.0533931	0.127504	0.131395	0.271899	0.0704063	0.0692615	-0.298902	-0.339227	-0.00550161	0.47459	0.0608091	0.148636	0.129503	0.250884	-0.24047	-0.423422	-0.0894719	0.26331	0.498289
0.474961	0.649851	0.712659	-0.084585	0.0906796	-0.203079	-0.519857	-0.260276	-0.44362	0.403279	-0.0855365	-0.277155	-0.12439	-0.363874	0.141802	-0.175395	-0.563265	-0.409719	-0.468422	0.0340285	0.67754	0.0113211	-0.124315	-0.253575	0.159797	0.107388	-0.0786929	0.126079	-0.0038903	-0.0737393	-0.255638	-0.0350321	-0.266795	-0.206225	0.0663574	0.367983	-0.261799	-0.0206972	-0.284004	0.27807	0.233677	-0.318174	-0.138357	0.056995	0.187987
0.347431	0.223773	0.484203	0.192207	0.111965	-0.0877849	-0.451476	-0.346959	-0.456478	-0.204285	0.256151	0.232509	0.364213	-0.0280657	-0.460029	0.291321	0.160549	0.342855	-0.104138	-0.592127	0.748216	0.409341	0.208025	-0.312447	0.203364	-0.0231639	-0.200839	-0.1609	0.106413	0.0548758	-0.272423	0.172284	-0.0330707	-0.43357	-0.239478	0.577597	0.0415876	0.0677063	0.0287937	0.234441	-0.157727	-0.148266	-0.0437204	0.159587	0.369223
0.655482	0.157779	0.381522	0.138881	0.231213	0.268279	-0.444404	-0.606029	-0.406558	-0.227714	0.38886	0.310058	0.127884	0.0650659	-0.581624	0.129367	-0.0238421	0.133129	0.0022584	-0.363439	0.792886	0.398159	0.372024	-0.473366	-0.0713482	-0.169203	0.23466	-0.0635831	0.31797	0.393812	0.16511	0.243692	-0.642273	0.409098	0.317005	0.273722	0.267374	0.322775	0.186493	0.0971463	-0.642316	0.43112	0.299829	0.110098	0.67146
0.200644	0.439276	0.555423	-0.415106	-0.0870281	-0.47369	-0.26518	0.027201	-0.214863	0.361886	0.0565234	-0.146477	0.110257	-0.379398	0.142891	-0.04945	-0.367406	-0.218278	-0.354688	-0.0675385	0.567592	0.190239	0.00757048	-0.0892031	-0.223155	-0.126038	0.141269	0.18882	0.102239	0.106682	-0.0516598	-0.111018	-0.410985	-0.350955	-0.127356	0.468627	-0.0907079	0.134464	-0.221862	0.0720404	0.0521614	-0.297275	-0.394667	0.0460889	0.274283
0.257921	0.200954	0.0168087	-0.0664563	0.25006	-0.320626	-0.124263	-0.0262094	-0.361045	0.0555041	0.0472627	-0.186137	0.214851	-0.308741	-0.0948394	0.242574	-0.0974699	0.177958	-0.316908	-0.247159	0.680592	0.506305	0.29458	-0.116044	0.00747649	-0.0623344	0.159651	0.431605	0.182227	0.00676612	0.06136	-0.0097457	-0.534139	0.08957	0.311334	0.413769	0.16932	-0.0863322	0.0309884	-0.0507214	-0.312	0.00304845	0.356778	0.277456	0.697847
0.586673	0.413912	0.352862	-0.241949	0.00441528	-0.477987	-0.304648	-0.221758	-0.120062	-0.0309861	0.153659	-0.0016143	0.484784	-0.492348	0.131079	0.1121	-0.139258	0.222628	-0.521032	-0.0222814	0.432916	0.199476	0.221109	-0.176394	0.252656	-0.170896	-0.283306	-0.158628	-0.0132731	-0.14614	-0.281265	0.102056	-0.331562	-0.41656	-0.126465	0.31086	-0.196366	-0.273422	-0.235211	-0.162156	0.0138199	-0.155381	-0.0865998	-0.0973311	0.383122
0.172248	0.270579	0.114476	-0.0434438	0.232427	-0.276421	-0.297438	-0.0156445	-0.255193	0.272227	0.395821	-0.215403	0.155798	-0.143684	0.159647	0.239007	-0.00857564	-0.0222295	-0.200758	-0.0068766	0.448112	0.460121	0.18228	-0.0908715	0.0136529	-0.216139	0.0799875	-0.0500169	0.278857	0.302062	-0.225155	-0.0454492	-0.160678	-0.250534	-0.0405952	0.437816	0.273312	0.0549843	-0.175388	0.0064956	-0.103745	0.012019	-0.0420124	0.31294	0.657063
0.569167	0.38523	0.631474	-0.373384	-0.329203	-0.546343	-0.314952	-0.275188	-0.19653	0.173249	-0.0591175	-0.207897	0.12649	-0.390864	0.121338	0.166752	-0.0798229	0.202173	-0.411357	-0.167152	0.522934	-0.0475106	-0.141879	-0.354826	0.247082	-0.0478303	-0.0764859	-0.0477748	0.166953	0.0996208	0.0435283	-0.0641925	-0.28626	-0.376699	0.30108	0.196646	-0.108839	-0.0684176	-0.162906	0.223774	-0.0329424	-0.568474	-0.253539	0.166574	0.455444
0.591781	0.547034	0.481456	-0.047246	0.0927238	-0.0896203	-0.359092	-0.406291	-0.372216	-0.0932409	-0.134263	-0.372535	-0.0732048	-0.335668	0.23518	-0.11975	-0.285918	-0.0159493	-0.280492	0.249505	0.534359	0.19718	0.150087	-0.0238062	0.261269	-0.302913	-0.0398223	0.17493	0.00594631	0.313486	-0.019027	0.385339	-0.242564	-0.280702	-0.003222	0.332417	0.0531753	0.197701	-0.00910475	0.273577	-0.284614	-0.230298	-0.114258	0.32047	0.749183
0.618154	0.675267	0.620242	-0.287704	-0.0639342	-0.208814	-0.0367872	-0.156274	-0.1678	-0.171667	0.0810025	0.0655456	-0.0578777	-0.439187	0.445603	0.0447975	-0.0930801	-0.20132	-0.349516	0.213727	0.627823	0.173481	0.174282	-0.128999	-0.0387072	0.0922793	0.326051	0.440638	0.064003	0.244505	0.0977786	0.374481	-0.274054	-0.254919	-0.120498	0.288572	0.0318865	0.0791984	0.0309216	0.210484	-0.095267	-0.305078	-0.188034	-0.123448	0.472701
0.496195	0.552613	0.56137	-0.147111	0.0316725	-0.417908	-0.399712	-0.30233	-0.452772	-0.122884	-0.0683871	-0.0959552	-0.0808221	-0.324755	0.458609	0.0558448	-0.0382154	-0.146929	-0.110935	0.248617	0.694344	0.0979425	0.119531	-0.170235	0.397029	-0.223008	-0.201807	0.130914	0.318826	0.091094	0.150716	0.112964	-0.396442	-0.136837	0.168332	0.385519	0.207129	-0.0732848	0.209697	-0.193093	-0.240181	-0.132617	-0.041805	0.0745119	0.576549
0.202656	0.619153	0.307085	-0.237468	0.0433485	-0.485456	-0.401323	0.21395	-0.206934	-0.16472	0.16781	-0.422839	0.145106	-0.263998	-0.0911604	0.157605	-0.318908	0.0814042	-0.298651	-0.129731	0.498772	0.066909	0.262355	-0.195041	0.203953	0.260684	-0.272998	-0.207957	0.0900269	-0.0139065	-0.107032	0.180572	-0.356061	-0.297028	-0.0636324	0.272352	-0.0675074	-0.150342	0.0738299	-0.242692	0.0578825	-0.0421158	0.0994225	-0.179361	0.313452
